eth: 
1196.9
1586.6
1605.8
1822.3
1936.3
1856.4
1647.6
1671.5
1820.1
2052.6
1418.1
1451.5
1551.1
1552.4
1576.6
1568.8
1515.5
1552.1
1659.8
1627.5
1628.3
1628.4
1556.5
1611.7
1603.1
1200.9
1641.1
1664.0
1821.3
1827.0
1891.8
1921.6
1873.0
1628.5
1733.7
1847.1
2088.5
1513.4
1507.4
1557.0
1676.6
1639.5
1695.7
1691.9
1681.6
1702.5
1657.4
1643.4
1650.9
1608.9
1595.0
1640.6
1214.6
1643.0
1647.4
1795.7
1863.3
1904.9
1964.2
1836.2
1636.6
1664.7
1793.6
2165.7
1599.3
1680.0
1703.2
1654.1
1667.6
1786.4
1760.3
1806.7
1734.3
1816.5
1751.3
1741.2
1775.2
1214.8
1664.4
1569.2
1811.5
1902.3
1891.9
1952.0
1835.1
1636.1
1656.7
1832.8
2201.5
1917.7
2071.8
1995.0
1943.2
1887.2
1848.6
1854.8
1835.3
1256.4
1667.0
1566.9
1867.5
1898.5
1890.3
1941.9
1826.3
1629.5
1647.8
1857.0
2249.1
1819.3
1868.7
1851.6
1800.0
1804.1
1250.3
1632.6
1564.4
1874.2
1944.4
1811.2
1910.8
1835.1
1633.5
1611.5
1892.8
2293.8
1742.2
1738.7
1652.2
1670.4
1715.1
1726.9
1724.9
1729.9
1792.3
1891.8
1882.5
1892.5
1875.7
1900.4
1866.5
1269.4
1616.3
1567.4
1872.2
1885.2
1846.8
1827.1
1632.6
1646.9
1899.8
2241.8
1871.7
2014.1
1938.9
1931.5
1923.5
1916.5
1897.8
1888.3
1890.9
1885.7
1865.1
1875.0
1850.4
1854.8
1875.9
1264.3
1669.7
1562.2
1860.6
1842.6
1865.2
1827.2
1646.4
1634.5
1888.1
2363.8
1849.0
1839.3
1844.4
1826.9
1806.0
1682.8
1660.7
1668.6
1685.0
1667.2
1633.4
1679.0
1659.8
1653.2
1646.3
1286.9
1650.8
1507.9
1851.0
1846.1
1867.9
1856.0
1636.0
1633.6
1889.3
2358.7
1593.5
1608.0
1626.6
1642.5
1635.2
1623.2
1637.6
1642.1
1621.3
1584.2
1593.3
1593.6
1581.1
1587.8
1593.0
1321.6
1546.0
1439.1
1859.7
1840.5
1851.6
1854.5
1635.1
1579.8
2121.2
2341.2
1539.3
1551.5
1555.4
1557.7
1600.5
1566.4
1562.9
1567.6
1606.4
1633.1
1662.5
1765.6
1827.8
1800.8
1336.7
1514.9
1428.8
1910.9
1746.4
1883.7
1850.8
1617.0
1567.5
2078.3
2352.5
2045.2
2038.8
1989.2
2056.1
1976.9
1959.1
1958.9
2012.1
2022.2
1938.5
2056.5
2062.5
2082.4
2084.4
2063.3
1387.6
1539.8
1483.6
1885.1
1739.8
1878.4
1847.3
1551.6
1566.2
2050.8
2224.6
2179.2
2257.8
2314.2
2219.3
2229.6
2193.8
2217.1
2177.9
2201.9
2239.5
2327.8
2304.5
2263.9
2270.5
2232.1
2294.5
2281.9
3346.3
3627.3
3001.6
3762.2
3456.7
3233.1
2467.9
2523.2
3716.6
2524.5
2579.0
2471.8
2510.7
2586.6
2528.4
2467.0
2483.0
2469.6
2453.5
2310.8
2239.7
2229.7
2217.7
2276.2
2387.9
2303.8
3435.1
3494.7
2993.0
3792.4
3441.1
3202.1
2428.0
2495.3
3708.4
2671.9
2642.2
2808.3
2823.6
2803.7
2786.7
2860.3
2942.1
3013.5
2970.4
2970.1
2932.0
3027.2
3112.7
3179.2
2361.7
2322.7
3419.7
3275.2
2988.2
3825.4
2977.3
2537.0
2482.9
3640.2
3981.7
4005.7
3908.4
3742.1
3540.9
3650.7
3441.8
3207.8
3515.2
3503.6
3323.9
3350.8
3436.5
3589.1
3583.1
2210.5
2302.2
3490.6
3315.2
3103.6
3772.6
3165.2
2912.2
2434.9
2457.9
3625.2
3243.6
2948.1
3155.8
3101.8
3083.1
2983.9
3065.5
3055.9
3182.0
3134.8
3207.4
3236.7
3120.3
3139.2
3130.5
2270.8
2289.5
3635.0
3331.1
3117.4
3064.7
2681.7
2448.5
2403.8
3839.3
2918.5
2950.6
2993.2
3038.7
3093.9
3090.4
3667.4
3788.5
3795.7
3726.8
3800.6
3914.6
2263.4
2300.5
3554.1
3333.6
3132.5
2417.8
2374.0
2575.1
3787.3
3493.1
3562.9
3483.8
3557.5
3360.2
3366.6
2240.9
2380.3
3821.8
3357.8
3037.9
3808.0
3057.1
2496.4
2223.8
2856.2
4009.8
3195.0
3242.0
3489.6
3488.3
3392.8
3487.7
3504.6
3534.6
3441.0
3470.0
3179.8
3180.9
3278.1
2202.1
2431.8
3873.8
3454.6
3007.0
3685.0
2340.2
2274.3
2928.9
4002.8
2649.6
2703.3
2658.4
2581.7
2593.6
2613.6
2580.0
2637.0
2573.7
2608.6
2672.2
2763.0
2768.1
2748.5
2686.3
2333.7
2421.5
3895.2
3698.2
3065.5
2680.8
2306.3
3043.1
3998.6
2361.6
2442.2
2270.9
2295.3
2615.5
2581.6
2389.2
2492.6
3915.3
3489.8
3025.8
3705.8
3059.2
2625.1
2339.7
3114.6
3685.5
2614.5
2539.0
2479.7
2591.3
2507.4
3858.8
3538.0
2908.1
3665.7
3149.5
2655.1
2389.6
3191.3
3636.8
3300.6
3208.8
3077.1
3088.5
3134.9
3078.7
3206.0
3113.3
3079.5
3365.5
3329.6
3417.7
3364.0
3434.1
3331.6
2606.0
2507.3
4084.4
3506.9
3100.4
2576.2
2342.0
3337.2
3830.2
3884.0
3921.7
3866.6
3968.4
3965.7
3896.3
3640.4
3415.9
3464.4
3340.8
3272.5
3392.7
3480.4
3495.4
3319.6
